4294967279,242
4294967278,240
4294967279,239
4294967278,238
4294967279,337
4294967279,237
4294967278,521
4294967279,234
4294967278,234
4294967279,233
4294967279,230
4294967278,230
4294967278,227
4294967279,226
4294967279,225
4294967278,223
4294967279,222
4294967278,222
4294967279,221
4294967278,219
4294967294,197
4294967294,195
4294967294,194
4294967294,1004
4294967294,1002
4294967294,1000
4294967294,997
4294967294,996
4294967294,993
4294967279,216
4294967278,213
4294967279,212
4294967279,334
4294967279,333
4294967278,520
4294967279,209
4294967278,65
4294967278,64
4294967278,63
4294967278,62
4294967278,61
4294967278,60
4294967278,59
4294967278,58
4294967278,57
4294967278,56
4294967278,55
4294967278,54
4294967278,53
4294967278,52
4294967278,51
4294967278,50
4294967278,49
4294967278,48
4294967278,47
4294967278,46
4294967278,45
4294967278,44
4294967278,43
4294967278,42
4294967278,41
4294967278,40
4294967278,39
4294967278,38
4294967278,37
4294967278,36
4294967278,35
4294967278,34
4294967278,33
4294967278,32
4294967278,31
4294967278,30
4294967278,29
4294967278,28
4294967278,27
4294967278,26
4294967278,25
4294967278,24
4294967278,23
4294967278,22
4294967278,21
4294967278,20
4294967278,19
4294967278,18
4294967278,17
4294967278,16
4294967278,15
4294967278,14
4294967278,13
4294967278,12
4294967278,11
4294967278,10
4294967278,9
4294967278,8
4294967278,7
4294967278,6
4294967278,5
4294967278,4
4294967279,132
4294967279,131
4294967279,130
4294967279,129
4294967279,128
4294967279,127
4294967279,126
4294967279,125
4294967279,124
4294967279,123
4294967279,122
4294967279,208
4294967279,374
4294967294,400
4294967294,420
4294967294,177
4294967294,414
4294967294,998
4294967294,1009
4294967294,116
4294967294,113
4294967278,560
4294967278,516
4294967279,330
4294967278,515
4294967279,329
4294967278,203
4294967279,203
4294967294,186
4294967278,202
4294967279,202
4294967279,328
4294967279,201
4294967294,89
4294967279,199
34,6
4294967278,198
34,5
4294967279,198
34,4
34,3
34,2
34,1
4294967278,512
4294967279,197
4294967278,319
4294967279,327
4294967278,318
4294967279,326
4294967278,559
4294967279,193
4294967294,393
4294967279,192
4294967279,373
4294967279,346
4294967278,558
4294967279,191
4294967279,189
4294967278,188
33,6
33,5
4294967278,187
33,4
4294967279,187
33,3
33,2
33,1
4294967279,322
4294967279,372
4294967279,182
4294967278,181
4294967279,181
4294967279,320
4294967278,180
4294967279,180
4294967278,179
32,5
32,4
32,3
32,2
32,1
4294967278,314
4294967279,176
4294967279,173
31,5
4294967279,172
31,4
31,3
31,2
31,1
4294967278,557
4294967279,171
4294967278,170
4294967279,170
4294967278,169
4294967279,169
30,6
30,5
4294967279,168
30,4
30,3
30,2
30,1
4294967279,167
4294967279,166
4294967279,165
29,5
4294967278,164
29,4
4294967279,164
29,3
29,2
29,1
4294967279,311
4294967279,161
4294967278,160
28,4
4294967278,159
28,3
28,2
28,1
4294967278,308
4294967279,159
4294967279,158
4294967278,307
4294967294,69
4294967279,156
4294967278,306
4294967279,306
4294967278,305
4294967279,305
4294967279,152
4294967279,304
4294967278,304
4294967294,112
4294967294,167
4294967294,31
4294967279,148
27,4
27,3
27,2
27,1
4294967279,300
4294967294,388
4294967294,114
4294967294,120
4294967294,10
4294967294,193
4294967294,192
4294967294,1007
4294967294,1005
4294967294,1001
4294967294,999
4294967294,994
4294967294,991
4294967278,298
4294967294,141
4294967294,995
4294967294,990
4294967294,196
4294967294,142
4294967294,83
4294967279,371
4294967279,144
4294967279,299
4294967278,297
4294967278,120
4294967278,118
4294967278,116
4294967278,115
4294967278,114
4294967278,113
4294967278,112
4294967278,111
4294967278,110
4294967278,109
4294967278,108
4294967278,107
4294967278,103
4294967278,102
4294967278,101
4294967278,174
4294967278,260
4294967279,121
4294967279,120
4294967279,119
4294967279,118
4294967279,117
4294967279,116
4294967279,115
4294967279,114
4294967279,113
4294967279,112
4294967279,111
4294967279,110
4294967279,109
4294967279,108
4294967279,107
4294967279,106
4294967279,105
4294967279,104
4294967279,103
4294967279,102
4294967279,101
4294967279,100
4294967279,99
4294967279,98
4294967279,97
4294967279,96
4294967279,95
4294967279,94
4294967279,298
4294967278,296
4294967278,556
4294967278,141
4294967279,140
4294967294,2
4294967278,140
4294967278,139
4294967279,274
4294967278,272
4294967278,134
4294967279,136
26,6
26,5
4294967279,135
26,4
26,3
26,2
26,1
4294967279,134
4294967294,46
4294967279,264
25,6
25,5
25,4
25,3
25,2
25,1
4294967279,285
4294967279,263
4294967278,259
4294967279,262
24,6
4294967278,278
24,5
4294967279,261
24,4
4294967278,257
24,3
24,2
24,1
4294967279,281
0,7
4294967278,276
4294967279,275
4294967294,107
